12.495514318156017
6.685665199777295
5.750583540678165
5.375483409703706
5.227488767117208
5.103886120775633
4.754936395023186
4.617648670076205
4.517444068067527
4.507291580675452
4.114358955967279
3.857743877539864
4.0242961087768325
3.597829779593218
3.4585434763494267
3.373677543763641
3.2351029505204703
3.332186951303173
3.1077173402461744
3.098834662080114
2.8144710268527398
2.909598016962292
2.74714453553199
2.895859685684728
2.5981947602404842
2.4762565411765807
2.4077340504149642
2.354678241770705
2.2685007484270243
2.283494479611907
2.324396059541739
2.2662345604724363
2.0791813491072024
2.023184816681466
2.077630731661426
2.023627902912207
2.33820704320249
1.9280284567416588
1.9076328065894197
1.762363714375121
1.8197609381475546
1.7369307370984928
1.6839987019987073
1.6989901919225225
1.7001636251293653
1.6748443006607483
1.6065850131908959
1.9339901916292774
1.6043843038919
1.616923414312095
1.847159845862199
1.638223328513565
1.6134723751878215
1.4087403783103656
1.339088281521823
1.4793756509119143
1.4387742527295406
1.4981048095944571
1.525612855605283
1.3584641509098296
1.3269490100236996
1.4122577039618676
1.2716257144778638
1.204165371714673
1.2484524505159282
1.2816382550764394
1.2379358564664706
1.2259101676267279
1.2837823962150683
1.298848065513616
1.3499619146679789
1.310512082747388
1.1436814219411955
1.1057101220390848
1.1406870392974526
1.1524300194428194
1.3663949010069887
1.227557607228444
1.215078029627046
1.1625815482147188
1.2161934521301712
1.1210171871924117
1.0453242235887668
1.039912922467587
1.043217739443912
1.0980293152845948
1.0857471813970394
1.236982571708025
1.2804714822790928
1.0897291851864217
0.9902667554286293
0.9761033990662088
0.9132429073423012
0.8839589078915207
0.9837441202031946
1.0012788287128938
0.9475545605359679
0.962416217046889
0.9519141929984771
0.9411054917633921
1.0253631639209382
0.9071679345934207
0.9434907026573366
1.0202367008375002
1.194886131829947
1.1317065020327626
0.9394201468193312
0.8017433288760978
0.8994049439786033
0.8538517084321576
0.8080400936760194
0.923853878951135
0.8042569769423229
0.7549319862339395
0.8562881890108194
1.0116367855755166
1.086398088177259
1.057272302821867
0.8484445869077811
0.8531554444040296
0.8251818008275975
0.7907861451046895
0.8514935808443626
0.8157749947503038
0.7884980632189448
0.7950637670096298
0.8133377399519968
0.815879920909027
0.7936095586306199
0.77234577914745
0.7467465258073155
0.9775222964211395
1.0019009526139904
0.8611782787285711
0.7756330247246522
0.7573581391820023
0.678781726116379
0.6670586655759712
0.7430137496442119
0.7441582961202633
0.7017848960243769
0.7709210601192908
0.7681744738802422
0.7168549017520299
0.7604387786052313
0.7961790454622744
0.7929511933749739
0.7629855142040556
0.7772346449142505
0.7316039654445302
0.705987054588375
0.7314229899015898
0.6701539925328833
0.7049304061616458
0.9352140555739843
0.9241736934635493
0.7624861801256455
0.672714994788634
0.6384628112576933
0.6080305552847347
0.6285827375971647
0.66305660662578
0.6815816065455345
0.6481160831275578
0.6667441275361647
0.78352906797707
0.8382268418089511
0.7518972493751862
0.7191297521839605
0.6447836555989772
0.5801507749503504
0.6183894891011944
0.6225259272101961
0.6047705657289413
0.6700176400903812
0.7083973450168477
0.7058063143758632
1.0095024597192752
0.8019095687696401
0.6860460472684832
0.6249566268027127
0.5707906100779897
0.5127046433803143
0.5366484773721695
0.5136931450323676
0.5926084625671961
0.639055017531198
0.6530333331131356
0.6162708368316426
0.6197872372911094
0.7082759312506104
0.6180412062956975
0.7138735831883497
0.6878343727525308
0.6611544172459655
0.5958007000720049
0.6141759445185039
0.577300900667333
0.639550521414106
0.5544763517558108
