9.347670177699616
6.308942628667678
5.829440582023455
5.59379569260087
5.224258642813043
4.720612388546897
4.360030029975358
4.161755205298738
3.9769610739672436
3.8629760472167374
3.669523205046823
3.603159413913638
3.4827499967839253
3.2821160476338704
3.29683467142018
3.147407010498519
3.1988041507792877
2.9855555058211936
2.8841537292814747
2.9421490642239663
2.9450188267130137
2.7338459575984895
2.6744840080838954
2.579675762544335
2.616831053295515
2.5116263442298123
2.4951281332682917
2.493848818875705
2.3610590997638314
2.219518721416579
2.3104666226784123
2.281526266313726
2.137134360772402
2.2095095383742946
2.3522833857033203
2.063712438758396
1.9898007976290493
2.025364144960526
2.1669634188143037
1.925482341306211
2.137656825578725
1.8823404781465585
1.8977179959327546
1.7305107476227262
1.6823594298010245
1.8033707675642976
1.999555873732646
1.7843849848826563
1.6380594337245937
1.7458042785164378
1.741247221808817
1.7817405142421223
1.667388858345182
1.6572944258280635
1.7788528491328413
1.6992800937190695
1.6101838513816877
1.479695303432735
1.5310284030144516
1.5040199996145922
1.724282914100152
1.5609714642275576
1.5236296288063753
1.417637381375526
1.5073136546923565
1.4224963649728348
1.4674868679084807
1.4184939343548433
1.454096449381214
1.426813253452202
1.4606516676870813
1.3997512731877197
1.367034648116459
1.4000411896162488
1.4032158947996183
1.4902785098282338
1.364082083617494
1.3993066145349133
1.269295331235313
1.216039750296875
1.2875291028902962
1.3843416017422765
1.3409750447833748
1.4967505171930273
1.3553590932870425
1.223548374683876
1.245930291665046
1.138318639584138
1.1868236205196343
1.1926885718764952
1.1281630993927099
1.2175161960693264
1.5770337746631717
1.8248392153689386
1.2697438603047209
1.0337622313163422
0.9946187255958213
0.9892423553002935
1.1383137817706983
1.2576316948258475
